4.80689038235e+69
7.23219134697e+33
8.59800040713e+36
36932.0
3.59334243493e+33
2.61842300698e+15
8.96256145585e+203
761.0
3.62978474848e+43
1.73706995094e+129
1.12308072557e+15
7.18352958003e+13
1.67761925926e+27
3.06647484563e+62
3.06416143511e+52
429376631387.0
3.54465567554e+78
4.4112947276e+35
1.08256501057e+58
32498146480.0
30643444420.0
3.39274768126e+23
255282207264.0
3.55103704151e+46
1.52790558557e+72
812826238.0
3.85860510898e+15
4.71634392388e+82
7.25699563439e+14
5.36260033149e+99
9.107857949e+61
2.39556526414e+57
7.29259460406e+65
6785343.0
1.57896545213e+39
1.168399485e+14
4.15909319335e+89
2.2354139893e+18
6.97690372952e+44
3.17212914861e+30
771135950.0
9.15962987682e+15
1.70501476141e+49
2.56414251804e+30
5.14208237929e+21
6.20104776637e+70
8.54967021192e+44
5.59814798421e+85
1.61139731763e+72
1.14957606847e+77
145011763068.0
2.47936374393e+77
2.46135900393e+50
2.02980488407e+60
5.07578815437e+49
2.0
2.16368202093e+39
7.27794443845e+13
8148480578.0
1.66308871615e+19
5.49340489065e+22
3.62168619497e+35
11.0
1.06229671868e+37
1.31663718883e+52
3.67667318069e+67
3.01997566733e+16
9.28817614129e+85
3.20616091479e+96
1.25053316095e+16
4.81078096689e+81
322888646390.0
2.59109239885e+24
1.5838837635e+19
2.87782194834e+22
3.88357462174e+49
1.46986682497e+57
150546739.0
1.31940867869e+48
9.08158212497e+62
1.0
1.0
5.4714572388e+19
3.17077257349e+47
6.32149421905e+23
3.41527151391e+26
8.09048005511e+96
2.04848782888e+55
7.33793215039e+95
1.74387471198e+56
7.98855667962e+59
2.62675166547e+44
20612674.0
3.5925679566e+19
5146854.0
1.01970567853e+82
30.0
3.94208549696e+12
5.15857058193e+55
7.05808329261e+44
